-896
-794
-870
-759
-738
-693
-592
-505
-585
-611
-510
-739
-695
-575
-682
-632
-693
-846
-718
-727
-813
-816
-817
-860
-847
-799
-828
-822
-828
-822
-850
-897
-850
-801
-906
-820
-831
-875
-789
-914
-828
-802
-866
-808
-768
-846
-799
-748
-727
-848
-805
-643
-704
-600
-482
-458
-703
-315
-190
-526
-393
-210
-356
-365
-214
-216
-521
-122
-126
-255
-243
3
-66
-434
24
197
-80
130
417
-41
45
889
1484
908
434
1079
1199
543
738
579
246
204
290
43
-440
-179
-260
-491
-510
-472
-575
-699
-549
-594
-679
-663
-665
-621
-783
-612
-641
-648
-589
-588
-783
-521
-543
-651
-531
-402
-354
-579
-113
-139
-163
-170
79
79
